3120004957
3121003726
3220001937
2112104037
3121004339
3218003356
3220004011
3221002219
3121000699
3119004771
3120001262
3120003978
2112103011
3218000918
3119003643
3220004459
3121003070
3119002135
2112103030
2112103019
2112103034
2112103012
2112103005
3119003581
2112103028
3121000693
2112103029
3218001595
3121005011
3220003067
3120003882
2112108002
3119003499
3118003500
3121002326
3120004447
3121004216
2112103025
3120000649
2112113003
3121002241
3121003427
3118003301
3120004832
3220004236
3219004700
3218005139
3120001798
3220002211
3220004134
3221002896
3120003837
3120002496
3119004579
3119000864
3121000719
3221000456
3118003819
3121000477
3220001577
3220001428
3120002153
3119001193
3219004869
3119004156
3219004971
3121001353
3119002194
3119003586
3219002335
3121000386
3121000523
3221000500
3221001496
3120003493
3121000592
3121000538
3218002188
3121000528
3218002615
3121000407
3121003321
3119002705
2112103036
3120001057
3119001514
3121000411
3120004050
3120004730
3119000642
3120001650
3121003931
3220004074
3120003206
3120001111
3120004418
3220002601
3119000814
3219002658
3221002251
3119004089
3221003212
3119001791
3120001763
3120003384
3121003145
3120004200
3121000727
3120003731
3221004476
3219005115
3220003254
3121004113
3219003551
3120002145
3120004324
3221001467
3119003049
3119001459
3220001206
3119004063
3120004372
3120003346
3120002070
3220004193
3220003320
3220003134
3121002691
3220002573
3220004866
3220003488
3121002220
3119001304
3219002351
3119003956
3120004653
3119002781
3121002044
3220003034
3219001868
3119004800
3219002252
3120001614
3121001838
3121005007
3119000976
3119002312
2111913001
3119004522
3121000603
3121002664
3218004245
3218003900
3120004008
3221002343
3119002167
3120002239
3219000435
3220004526
3221002666
3121000166
3116004739
3121003297
3220001182
3220003660
3121000220
3120004314
3121003418
3219001571
3220001586